SOL 103     $Normal Modes
CEND

$Case Control
TITLE = Normal Modes Analysis
SPC=1
METHOD=300
ECHO = SORT
DISP=ALL
$
$
BEGIN BULK
EIGRL,300,0.0,,10,,,,MAX
$
$
GRID, 1,,-5.00, 1.5, 0.0,,16
GRID, 2,,-4.83, 1.5, 0.0,,16
GRID, 3,,-4.67, 1.5, 0.0,,16
GRID, 4,,-4.50, 1.5, 0.0,,16
GRID, 5,,-4.33, 1.5, 0.0,,16
GRID, 6,,-4.17, 1.5, 0.0,,16
GRID, 7,,-4.00, 1.5, 0.0,,16
GRID, 8,,-3.83, 1.5, 0.0,,16
GRID, 9,,-3.67, 1.5, 0.0,,16
GRID, 10,,-3.50, 1.5, 0.0,,16
GRID, 11,,-3.33, 1.5, 0.0,,16
GRID, 12,,-3.17, 1.5, 0.0,,16
GRID, 13,,-3.00, 1.5, 0.0,,16
GRID, 14,,-2.83, 1.5, 0.0,,16
GRID, 15,,-2.67, 1.5, 0.0,,16
GRID, 16,,-2.50, 1.5, 0.0,,16
GRID, 17,,-2.33, 1.5, 0.0,,16
GRID, 18,,-2.17, 1.5, 0.0,,16
GRID, 19,,-2.00, 1.5, 0.0,,16
GRID, 20,,-1.83, 1.5, 0.0,,16
GRID, 21,,-1.67, 1.5, 0.0,,16
GRID, 22,,-1.50, 1.5, 0.0,,16
GRID, 23,,-1.33, 1.5, 0.0,,16
GRID, 24,,-1.17, 1.5, 0.0,,16
GRID, 25,,-1.00, 1.5, 0.0,,16
GRID, 26,,-0.83, 1.5, 0.0,,16
GRID, 27,,-0.67, 1.5, 0.0,,16
GRID, 28,,-0.50, 1.5, 0.0,,16
GRID, 29,,-0.33, 1.5, 0.0,,16
GRID, 30,,-0.17, 1.5, 0.0,,16
GRID, 31,,0.00, 1.5, 0.0,,123456     
GRID, 32,,0.16, 1.5, 0.0,,16
GRID, 33,,0.32, 1.5, 0.0,,16
GRID, 34,,0.48, 1.5, 0.0,,16
GRID, 35,,0.64, 1.5, 0.0,,16
GRID, 36,,0.80, 1.5, 0.0,,16
GRID, 37,,0.96, 1.5, 0.0,,16
GRID, 38,,1.12, 1.5, 0.0,,16
GRID, 39,,1.28, 1.5, 0.0,,16
GRID, 40,,1.44, 1.5, 0.0,,16
GRID, 41,,1.60, 1.5, 0.0,,16
GRID, 42,,1.76, 1.5, 0.0,,16
GRID, 43,,1.92, 1.5, 0.0,,16
GRID, 44,,2.08, 1.5, 0.0,,16
GRID, 45,,2.24, 1.5, 0.0,,16
GRID, 46,,2.40, 1.5, 0.0,,16
GRID, 47,,2.56, 1.5, 0.0,,16
GRID, 48,,2.72, 1.5, 0.0,,16
GRID, 49,,2.88, 1.5, 0.0,,16
GRID, 50,,3.04, 1.5, 0.0,,16
GRID, 51,,3.20, 1.5, 0.0,,16
GRID, 52,,3.36, 1.5, 0.0,,16
GRID, 53,,3.52, 1.5, 0.0,,16
GRID, 54,,3.68, 1.5, 0.0,,16
GRID, 55,,3.84, 1.5, 0.0,,16
GRID, 56,,4.00, 1.5, 0.0,,16
GRID, 57,,4.16, 1.5, 0.0,,16
GRID, 58,,4.32, 1.5, 0.0,,16
GRID, 59,,4.48, 1.5, 0.0,,16
GRID, 60,,4.64, 1.5, 0.0,,16
GRID, 61,,4.84, 1.5, 0.0,,16

$
$GRID, 31,,0.00, 1.5, 0.0,,123456
GRID, 62,,0.00, 1.45, 0.0,,16
GRID, 63,,0.00, 1.4, 0.0,,16
GRID, 64,,0.00, 1.35, 0.0,,16
GRID, 65,,0.00, 1.3, 0.0,,16
GRID, 66,,0.00, 1.25, 0.0,,16
GRID, 67,,0.00, 1.2, 0.0,,16
GRID, 68,,0.00, 1.15, 0.0,,16
GRID, 69,,0.00, 1.1, 0.0,,16
GRID, 70,,0.00, 1.05, 0.0,,16
GRID, 71,,0.00, 1.0, 0.0,,16    
GRID, 72,,0.00, 0.95, 0.0,,16
GRID, 73,,0.00, 0.9, 0.0,,16
GRID, 74,,0.00, 0.85, 0.0,,16
GRID, 75,,0.00, 0.8, 0.0,,16
GRID, 76,,0.00, 0.75, 0.0,,16
GRID, 77,,0.00, 0.7, 0.0,,16
GRID, 78,,0.00, 0.65, 0.0,,16
GRID, 79,,0.00, 0.6, 0.0,,16
GRID, 80,,0.00, 0.55, 0.0,,16
GRID, 81,,0.00, 0.5, 0.0,,16
GRID, 82,,0.00, 0.45, 0.0,,16
GRID, 83,,0.00, 0.4, 0.0,,16
GRID, 84,,0.00, 0.35, 0.0,,16
GRID, 85,,0.00, 0.3, 0.0,,16
GRID, 86,,0.00, 0.25, 0.0,,16
GRID, 87,,0.00, 0.2, 0.0,,16
GRID, 88,,0.00, 0.15, 0.0,,16
GRID, 89,,0.00, 0.1, 0.0,,16
GRID, 90,,0.00, 0.05, 0.0,,16
GRID, 91,,0.00, -0.25, 0.0,,123456   
$
$GRID, 91,,0.00, -0.25, 0.0,,123456   
GRID, 92,,0.00, -0.3, 0.0,,16
GRID, 93,,0.00, -0.35, 0.0,,16
GRID, 94,,0.00, -0.4, 0.0,,16
GRID, 95,,0.00, -0.45, 0.0,,16
GRID, 96,,0.00, -0.5, 0.0,,16
GRID, 97,,0.00, -0.55, 0.0,,16
GRID, 98,,0.00, -0.6, 0.0,,16
GRID, 99,,0.00, -0.65, 0.0,,16
GRID, 100,,0.00, -0.7, 0.0,,16
GRID, 101,,0.00, -0.75, 0.0,,123456   
$
GRID, 91,,0.00, -0.25, 0.0,,123456
GRID, 103,,0.10, -0.25, 0.0,,16
GRID, 104,,0.20, -0.25, 0.0,,16
GRID, 105,,0.30, -0.25, 0.0,,16
GRID, 106,,0.40, -0.25, 0.0,,16
GRID, 107,,0.50, -0.25, 0.0,,16
GRID, 108,,0.60, -0.25, 0.0,,16
GRID, 109,,0.70, -0.25, 0.0,,16
GRID, 110,,0.80, -0.25, 0.0,,16
GRID, 111,,0.90, -0.25, 0.0,,16
GRID, 112,,1.00, -0.25, 0.0,,16
GRID, 113,,1.10, -0.25, 0.0,,16
GRID, 114,,1.20, -0.25, 0.0,,16
GRID, 115,,1.30, -0.25, 0.0,,16
GRID, 116,,1.40, -0.25, 0.0,,16
GRID, 117,,1.50, -0.25, 0.0,,16
GRID, 118,,1.60, -0.25, 0.0,,16
GRID, 119,,1.70, -0.25, 0.0,,16
GRID, 120,,1.80, -0.25, 0.0,,16
GRID, 121,,1.90, -0.25, 0.0,,16
GRID, 122,,2.00, -0.25, 0.0,,16
GRID, 123,,2.10, -0.25, 0.0,,16
GRID, 124,,2.20, -0.25, 0.0,,16
GRID, 125,,2.30, -0.25, 0.0,,16
GRID, 126,,2.40, -0.25, 0.0,,16
GRID, 127,,2.50, -0.25, 0.0,,16
GRID, 128,,2.60, -0.25, 0.0,,16
GRID, 129,,2.70, -0.25, 0.0,,16
GRID, 130,,2.80, -0.25, 0.0,,16
GRID, 131,,2.90, -0.25, 0.0,,16
GRID, 132,,3.00, -0.25, 0.0,,16
$
$GRID, 101,,0.00, -0.75, 0.0,,123456    $$101
GRID, 133,,0.13, -0.75, 0.0,,123456
GRID, 134,,0.25, -0.75, 0.0,,123456
GRID, 135,,0.38, -0.75, 0.0,,123456
GRID, 136,,0.50, -0.75, 0.0,,123456
GRID, 137,,0.63, -0.75, 0.0,,123456
GRID, 138,,0.75, -0.75, 0.0,,123456
GRID, 139,,0.88, -0.75, 0.0,,123456
GRID, 140,,1.00, -0.75, 0.0,,123456
GRID, 141,,1.13, -0.75, 0.0,,123456
GRID, 142,,1.25, -0.75, 0.0,,123456
GRID, 143,,1.38, -0.75, 0.0,,123456
GRID, 144,,1.50, -0.75, 0.0,,123456
GRID, 145,,1.63, -0.75, 0.0,,123456
GRID, 146,,1.75, -0.75, 0.0,,123456
GRID, 147,,1.88, -0.75, 0.0,,123456
GRID, 148,,2.00, -0.75, 0.0,,123456
GRID, 149,,2.13, -0.75, 0.0,,123456
GRID, 150,,2.25, -0.75, 0.0,,123456
GRID, 151,,2.38, -0.75, 0.0,,123456
GRID, 152,,2.50, -0.75, 0.0,,123456
GRID, 153,,2.63, -0.75, 0.0,,123456
GRID, 154,,2.75, -0.75, 0.0,,123456
GRID, 155,,2.88, -0.75, 0.0,,123456
GRID, 156,,3.00, -0.75, 0.0,,123456
GRID, 157,,3.13, -0.75, 0.0,,123456
GRID, 158,,3.25, -0.75, 0.0,,123456
GRID, 159,,3.38, -0.75, 0.0,,123456
GRID, 160,,3.50, -0.75, 0.0,,123456
GRID, 161,,3.63, -0.75, 0.0,,123456
GRID, 162,,3.75, -0.75, 0.0,,123456
GRID, 163,,3.88, -0.75, 0.0,,123456
GRID, 164,,4.00, -0.75, 0.0,,123456
GRID, 165,,4.13, -0.75, 0.0,,123456
GRID, 166,,4.25, -0.75, 0.0,,123456
GRID, 167,,4.38, -0.75, 0.0,,123456
GRID, 168,,4.50, -0.75, 0.0,,123456
$
GRID, 169,,4.60, -0.75, 0.0,,16
GRID, 170,,4.64, -0.70, 0.0,,16
GRID, 171,,4.68, -0.65, 0.0,,16
GRID, 172,,4.72, -0.60, 0.0,,16
GRID, 173,,4.76, -0.55, 0.0,,16
GRID, 174,,4.80, -0.50, 0.0,,16
GRID, 175,,4.84, -0.45, 0.0,,16
GRID, 176,,4.88, -0.40, 0.0,,16
GRID, 177,,4.92, -0.35, 0.0,,16
GRID, 178,,4.96, -0.30, 0.0,,16
GRID, 179,,5.00, -0.25, 0.0,,16
GRID, 180,,5.04, -0.20, 0.0,,16
GRID, 181,,5.08, -0.15, 0.0,,16
GRID, 182,,5.12, -0.10, 0.0,,16
GRID, 183,,5.16, -0.05, 0.0,,16
GRID, 184,,5.20, 0.00, 0.0,,16
GRID, 185,,5.24, 0.05, 0.0,,16
GRID, 186,,5.28, 0.10, 0.0,,16
GRID, 187,,5.32, 0.15, 0.0,,16
GRID, 188,,5.36, 0.20, 0.0,,16
GRID, 189,,5.40, 0.25, 0.0,,16
GRID, 190,,5.44, 0.30, 0.0,,16
GRID, 191,,5.48, 0.35, 0.0,,16
GRID, 192,,5.52, 0.40, 0.0,,16
GRID, 193,,5.56, 0.45, 0.0,,16
GRID, 194,,5.60, 0.50, 0.0,,16      $$169-194

$
GRID, 199,,4.70, 0.50, 0.0,,16
GRID, 200,,4.73, 0.50, 0.0,,16
GRID, 201,,4.76, 0.50, 0.0,,16
GRID, 202,,4.79, 0.50, 0.0,,16
GRID, 203,,4.82, 0.50, 0.0,,16
GRID, 204,,4.85, 0.50, 0.0,,16
GRID, 205,,4.88, 0.50, 0.0,,16
GRID, 206,,4.91, 0.50, 0.0,,16
GRID, 207,,4.94, 0.50, 0.0,,16
GRID, 208,,4.97, 0.50, 0.0,,16
GRID, 209,,5.00, 0.50, 0.0,,16
GRID, 210,,5.03, 0.50, 0.0,,16
GRID, 211,,5.06, 0.50, 0.0,,16
GRID, 212,,5.09, 0.50, 0.0,,16
GRID, 213,,5.12, 0.50, 0.0,,16
GRID, 214,,5.15, 0.50, 0.0,,16
GRID, 215,,5.18, 0.50, 0.0,,16
GRID, 216,,5.21, 0.50, 0.0,,16
GRID, 217,,5.24, 0.50, 0.0,,16
GRID, 218,,5.27, 0.50, 0.0,,16
GRID, 219,,5.30, 0.50, 0.0,,16
GRID, 220,,5.33, 0.50, 0.0,,16
GRID, 221,,5.36, 0.50, 0.0,,16
GRID, 222,,5.39, 0.50, 0.0,,16
GRID, 223,,5.42, 0.50, 0.0,,16
GRID, 224,,5.45, 0.50, 0.0,,16
GRID, 225,,5.48, 0.50, 0.0,,16
GRID, 226,,5.51, 0.50, 0.0,,16
GRID, 227,,5.54, 0.50, 0.0,,16
GRID, 228,,5.57, 0.50, 0.0,,16
$GRID, 194,,5.60, 0.50, 0.0,,16    $$194
$
$GRID, 194,,5.60, 0.50, 0.0,,16    $$194
GRID, 229,,5.62, 0.50, 0.0,,16
GRID, 230,,5.64, 0.50, 0.0,,16
GRID, 231,,5.66, 0.50, 0.0,,16
GRID, 232,,5.68, 0.50, 0.0,,16
GRID, 233,,5.70, 0.50, 0.0,,16
GRID, 234,,5.72, 0.50, 0.0,,16
GRID, 235,,5.74, 0.50, 0.0,,16
GRID, 236,,5.76, 0.50, 0.0,,16
GRID, 237,,5.78, 0.50, 0.0,,16
GRID, 238,,5.80, 0.50, 0.0,,16
GRID, 239,,5.82, 0.50, 0.0,,16
GRID, 240,,5.84, 0.50, 0.0,,16
GRID, 241,,5.86, 0.50, 0.0,,16
GRID, 242,,5.88, 0.50, 0.0,,16
GRID, 243,,5.90, 0.50, 0.0,,16
GRID, 244,,5.92, 0.50, 0.0,,16
GRID, 245,,5.94, 0.50, 0.0,,16
GRID, 246,,5.96, 0.50, 0.0,,16
GRID, 247,,5.98, 0.50, 0.0,,16
GRID, 248,,6.00, 0.50, 0.0,,16
GRID, 249,,6.02, 0.50, 0.0,,16
GRID, 250,,6.04, 0.50, 0.0,,16
GRID, 251,,6.06, 0.50, 0.0,,16
GRID, 252,,6.08, 0.50, 0.0,,16
GRID, 253,,6.10, 0.50, 0.0,,16
GRID, 254,,6.12, 0.50, 0.0,,16
GRID, 255,,6.14, 0.50, 0.0,,16
GRID, 256,,6.16, 0.50, 0.0,,16
GRID, 257,,6.18, 0.50, 0.0,,16
GRID, 258,,6.20, 0.50, 0.0,,16
GRID, 259,,6.22, 0.50, 0.0,,16
GRID, 260,,6.24, 0.50, 0.0,,16
GRID, 261,,6.26, 0.50, 0.0,,16
GRID, 262,,6.28, 0.50, 0.0,,16
GRID, 263,,6.30, 0.50, 0.0,,16
GRID, 264,,6.32, 0.50, 0.0,,16
GRID, 265,,6.34, 0.50, 0.0,,16
GRID, 266,,6.36, 0.50, 0.0,,16
GRID, 267,,6.38, 0.50, 0.0,,16
GRID, 268,,6.40, 0.50, 0.0,,16
GRID, 269,,6.42, 0.50, 0.0,,16
GRID, 270,,6.44, 0.50, 0.0,,16
GRID, 271,,6.46, 0.50, 0.0,,16
GRID, 272,,6.48, 0.50, 0.0,,16
GRID, 273,,6.50, 0.50, 0.0,,16
$
GRID, 274,,-2.3, 1.00, 0.0,,16    $$274-324
GRID, 275,,-2.3, 0.95, 0.0,,16
GRID, 276,,-2.3, 0.90, 0.0,,16
GRID, 277,,-2.3, 0.85, 0.0,,16
GRID, 278,,-2.3, 0.80, 0.0,,16
GRID, 279,,-2.3, 0.75, 0.0,,16
GRID, 280,,-2.3, 0.70, 0.0,,16
GRID, 281,,-2.3, 0.65, 0.0,,16
GRID, 282,,-2.3, 0.60, 0.0,,16
GRID, 283,,-2.3, 0.55, 0.0,,16
GRID, 284,,-2.3, 0.50, 0.0,,16
GRID, 285,,-2.3, 0.45, 0.0,,16
GRID, 286,,-2.3, 0.40, 0.0,,16
GRID, 287,,-2.3, 0.35, 0.0,,16
GRID, 288,,-2.3, 0.30, 0.0,,16
GRID, 289,,-2.3, 0.25, 0.0,,16
GRID, 290,,-2.3, 0.20, 0.0,,16
GRID, 291,,-2.3, 0.15, 0.0,,16
GRID, 292,,-2.3, 0.10, 0.0,,16
GRID, 293,,-2.3, 0.05, 0.0,,16
GRID, 294,,-2.3, 0.00, 0.0,,16
GRID, 295,,-2.3, -0.05, 0.0,,16
GRID, 296,,-2.3, -0.10, 0.0,,16
GRID, 297,,-2.3, -0.15, 0.0,,16
GRID, 298,,-2.3, -0.20, 0.0,,16
GRID, 299,,-2.3, -0.25, 0.0,,16
GRID, 300,,-2.3, -0.30, 0.0,,16
GRID, 301,,-2.3, -0.35, 0.0,,16
GRID, 302,,-2.3, -0.40, 0.0,,16
GRID, 303,,-2.3, -0.45, 0.0,,16
GRID, 304,,-2.3, -0.50, 0.0,,16
GRID, 305,,-2.3, -0.55, 0.0,,16
GRID, 306,,-2.3, -0.60, 0.0,,16
GRID, 307,,-2.3, -0.65, 0.0,,16
GRID, 308,,-2.3, -0.70, 0.0,,16
GRID, 309,,-2.3, -0.75, 0.0,,16
GRID, 310,,-2.3, -0.80, 0.0,,16
GRID, 311,,-2.3, -0.85, 0.0,,16
GRID, 312,,-2.3, -0.90, 0.0,,16
GRID, 313,,-2.3, -0.95, 0.0,,16
GRID, 314,,-2.3, -1.00, 0.0,,16
GRID, 315,,-2.3, -1.05, 0.0,,16
GRID, 316,,-2.3, -1.10, 0.0,,16
GRID, 317,,-2.3, -1.15, 0.0,,16
GRID, 318,,-2.3, -1.20, 0.0,,16
GRID, 319,,-2.3, -1.25, 0.0,,16
GRID, 320,,-2.3, -1.30, 0.0,,16
GRID, 321,,-2.3, -1.35, 0.0,,16
GRID, 322,,-2.3, -1.40, 0.0,,16
GRID, 323,,-2.3, -1.45, 0.0,,123456
$GRID, 324,,-2.3, -1.50, 0.0,,16
$
$GRID, 274,,-2.3, 1.00, 0.0,,16        $$274
GRID, 325,,-2.0, 1.00, 0.0,,16
GRID, 326,,-1.7, 1.00, 0.0,,16
GRID, 327,,-1.4, 1.00, 0.0,,16
GRID, 328,,-1.1, 1.00, 0.0,,16
GRID, 329,,-0.8, 1.00, 0.0,,16
GRID, 330,,-0.5, 1.00, 0.0,,16
GRID, 331,,-0.2, 1.00, 0.0,,16
GRID, 332,,0.1, 1.00, 0.0,,16
GRID, 333,,0.4, 1.00, 0.0,,16
GRID, 334,,0.7, 1.00, 0.0,,16
GRID, 335,,1.0, 1.00, 0.0,,16
GRID, 336,,1.3, 1.00, 0.0,,16
GRID, 337,,1.6, 1.00, 0.0,,16
GRID, 338,,1.9, 1.00, 0.0,,16
GRID, 339,,2.2, 1.00, 0.0,,16
GRID, 340,,2.3, 1.00, 0.0,,16
$
$GRID, 340,,2.3, 1.00, 0.0,,16
GRID, 341,,2.3, 0.95, 0.0,,16
GRID, 342,,2.3, 0.90, 0.0,,16
GRID, 343,,2.3, 0.85, 0.0,,16
GRID, 344,,2.3, 0.80, 0.0,,16
GRID, 345,,2.3, 0.75, 0.0,,16
GRID, 346,,2.3, 0.70, 0.0,,16
GRID, 347,,2.3, 0.65, 0.0,,16
GRID, 348,,2.3, 0.60, 0.0,,16
GRID, 349,,2.3, 0.55, 0.0,,16
GRID, 350,,2.3, 0.50, 0.0,,16
GRID, 351,,2.3, 0.45, 0.0,,16
GRID, 352,,2.3, 0.40, 0.0,,16
GRID, 353,,2.3, 0.35, 0.0,,16
GRID, 354,,2.3, 0.30, 0.0,,16
GRID, 355,,2.3, 0.25, 0.0,,16
GRID, 356,,2.3, 0.20, 0.0,,16
GRID, 357,,2.3, 0.15, 0.0,,16
GRID, 358,,2.3, 0.10, 0.0,,16
GRID, 359,,2.3, 0.05, 0.0,,16
GRID, 360,,2.3, 0.00, 0.0,,16
GRID, 361,,2.3, -0.05, 0.0,,16
GRID, 362,,2.3, -0.10, 0.0,,16
GRID, 363,,2.3, -0.15, 0.0,,16
GRID, 364,,2.3, -0.20, 0.0,,16
GRID, 365,,2.3, -0.25, 0.0,,16
GRID, 366,,2.3, -0.30, 0.0,,16
GRID, 367,,2.3, -0.35, 0.0,,16
GRID, 368,,2.3, -0.40, 0.0,,16
GRID, 369,,2.3, -0.45, 0.0,,16
GRID, 370,,2.3, -0.50, 0.0,,16
GRID, 371,,2.3, -0.55, 0.0,,16
GRID, 372,,2.3, -0.60, 0.0,,16
GRID, 373,,2.3, -0.65, 0.0,,16
GRID, 374,,2.3, -0.70, 0.0,,16
GRID, 375,,2.3, -0.75, 0.0,,16
GRID, 376,,2.3, -0.80, 0.0,,16
GRID, 377,,2.3, -0.85, 0.0,,16
GRID, 378,,2.3, -0.90, 0.0,,16
GRID, 379,,2.3, -0.95, 0.0,,16
GRID, 380,,2.3, -1.00, 0.0,,16
GRID, 381,,2.3, -1.05, 0.0,,16
GRID, 382,,2.3, -1.10, 0.0,,16
GRID, 383,,2.3, -1.15, 0.0,,16
GRID, 384,,2.3, -1.20, 0.0,,16
GRID, 385,,2.3, -1.25, 0.0,,16
GRID, 386,,2.3, -1.30, 0.0,,16
GRID, 387,,2.3, -1.35, 0.0,,16
GRID, 388,,2.3, -1.40, 0.0,,16
GRID, 389,,2.3, -1.45, 0.0,,123456
$GRID, 390,,2.3, -1.50, 0.0,,16
$
$GRID, 391,,-2.3, -1.50, 0.0,,123456
GRID, 392,,-2.1, -1.50, 0.0,,123456
GRID, 393,,-1.9, -1.50, 0.0,,123456
GRID, 394,,-1.7, -1.50, 0.0,,123456
GRID, 395,,-1.5, -1.50, 0.0,,123456
GRID, 396,,-1.3, -1.50, 0.0,,123456
GRID, 397,,-1.1, -1.50, 0.0,,123456
GRID, 398,,-0.9, -1.50, 0.0,,123456
GRID, 399,,-0.7, -1.50, 0.0,,123456
GRID, 400,,-0.5, -1.50, 0.0,,123456
GRID, 401,,-0.3, -1.50, 0.0,,123456
GRID, 402,,-0.1, -1.50, 0.0,,123456
GRID, 403,,0.1, -1.50, 0.0,,123456
GRID, 404,,0.3, -1.50, 0.0,,123456
GRID, 405,,0.5, -1.50, 0.0,,123456
GRID, 406,,0.7, -1.50, 0.0,,123456
GRID, 407,,0.9, -1.50, 0.0,,123456
GRID, 408,,1.1, -1.50, 0.0,,123456
GRID, 409,,1.3, -1.50, 0.0,,123456
GRID, 410,,1.5, -1.50, 0.0,,123456
GRID, 411,,1.7, -1.50, 0.0,,123456
GRID, 412,,1.9, -1.50, 0.0,,123456
GRID, 413,,2.1, -1.50, 0.0,,123456
$GRID, 414,,2.3, -1.50, 0.0,,123456
$
GRID, 415,,0.00, 0.00, 0.0,,123456
GRID, 416,,-0.099, -0.05, 0.0,,123456
GRID, 417,,-0.198, -0.1, 0.0,,123456
GRID, 418,,-0.297, -0.15, 0.0,,123456
GRID, 419,,-0.396, -0.2, 0.0,,123456
GRID, 420,,-0.495, -0.25, 0.0,,123456
GRID, 421,,-0.594, -0.3, 0.0,,123456
GRID, 422,,-0.693, -0.35, 0.0,,123456
GRID, 423,,-0.792, -0.4, 0.0,,123456
GRID, 424,,-0.891, -0.45, 0.0,,123456
GRID, 425,,-0.99, -0.5, 0.0,,123456
GRID, 426,,-1.089, -0.55, 0.0,,123456
GRID, 427,,-1.188, -0.6, 0.0,,123456
GRID, 428,,-1.287, -0.65, 0.0,,123456
GRID, 429,,-1.386, -0.7, 0.0,,123456
GRID, 430,,-1.485, -0.75, 0.0,,123456
GRID, 431,,-1.584, -0.8, 0.0,,123456
GRID, 432,,-1.683, -0.85, 0.0,,123456
GRID, 433,,-1.782, -0.9, 0.0,,123456
GRID, 434,,-1.881, -0.95, 0.0,,123456
GRID, 435,,-1.98, -1.0, 0.0,,123456
GRID, 436,,-2.079, -1.05, 0.0,,123456
GRID, 437,,-2.178, -1.1, 0.0,,123456
GRID, 438,,-2.277, -1.15, 0.0,,123456
GRID, 323,,-2.3, -1.45, 0.0,,123456
$
GRID, 439,,0.099, -0.05, 0.0,,123456
GRID, 440,,0.198, -0.1, 0.0,,123456
GRID, 441,,0.297, -0.15, 0.0,,123456
GRID, 442,,0.396, -0.2, 0.0,,123456
GRID, 443,,0.495, -0.25, 0.0,,123456
GRID, 444,,0.594, -0.3, 0.0,,123456
GRID, 445,,0.693, -0.35, 0.0,,123456
GRID, 446,,0.792, -0.4, 0.0,,123456
GRID, 447,,0.891, -0.45, 0.0,,123456
GRID, 448,,0.99, -0.5, 0.0,,123456
GRID, 449,,1.089, -0.55, 0.0,,123456
GRID, 450,,1.188, -0.6, 0.0,,123456
GRID, 451,,1.287, -0.65, 0.0,,123456
GRID, 452,,1.386, -0.7, 0.0,,123456
GRID, 453,,1.485, -0.75, 0.0,,123456
GRID, 454,,1.584, -0.8, 0.0,,123456
GRID, 455,,1.683, -0.85, 0.0,,123456
GRID, 456,,1.782, -0.9, 0.0,,123456
GRID, 457,,1.881, -0.95, 0.0,,123456
GRID, 458,,1.98, -1.0, 0.0,,123456
GRID, 459,,2.079, -1.05, 0.0,,123456
GRID, 460,,2.178, -1.1, 0.0,,123456
GRID, 461,,2.277, -1.15, 0.0,,123456
GRID, 389,,2.3, -1.45, 0.0,,123456

$
PBAR,1,3,75.85,918.0,459.0,688.5           $Main Rotor
PBAR,2,1,10.0,36.8,36.8,100.0              $Rotor Hub
PBAR,3,2,124.0,6.74,13.48,117.72           $Engine
PBAR,4,3,2.08,82.7,82.7,0.94               $Tail rotor
PBAR,5,3,34.0,36.8,36.8,381.4              $Tail Boom
PBAR,6,3,7.5,2.02E1,5.989,13.1295          $Fuselage
PBAR,7,1,7.5,3.06,1.622E1,9.64             $Fuselage

$
MAT1,1,7.0E10,,0.33,2710.0      $Aluminium
MAT1,2,20.0E10,,0.28,8000.0     $Steel
MAT1,3,7.0E10,,0.28,1500.0      $Carbon Fiber Reinforced Polymer
$
CBAR,1,1,1,2,0.0,1.0,0.0
CBAR,2,1,2,3,0.0,1.0,0.0
CBAR,3,1,3,4,0.0,1.0,0.0
CBAR,4,1,4,5,0.0,1.0,0.0
CBAR,5,1,5,6,0.0,1.0,0.0
CBAR,6,1,6,7,0.0,1.0,0.0
CBAR,7,1,7,8,0.0,1.0,0.0
CBAR,8,1,8,9,0.0,1.0,0.0
CBAR,9,1,9,10,0.0,1.0,0.0
CBAR,10,1,10,11,0.0,1.0,0.0
CBAR,11,1,11,12,0.0,1.0,0.0
CBAR,12,1,12,13,0.0,1.0,0.0
CBAR,13,1,13,14,0.0,1.0,0.0
CBAR,14,1,14,15,0.0,1.0,0.0
CBAR,15,1,15,16,0.0,1.0,0.0
CBAR,16,1,16,17,0.0,1.0,0.0
CBAR,17,1,17,18,0.0,1.0,0.0
CBAR,18,1,18,19,0.0,1.0,0.0
CBAR,19,1,19,20,0.0,1.0,0.0
CBAR,20,1,20,21,0.0,1.0,0.0
CBAR,21,1,21,22,0.0,1.0,0.0
CBAR,22,1,22,23,0.0,1.0,0.0
CBAR,23,1,23,24,0.0,1.0,0.0
CBAR,24,1,24,25,0.0,1.0,0.0
CBAR,25,1,25,26,0.0,1.0,0.0
CBAR,26,1,26,27,0.0,1.0,0.0
CBAR,27,1,27,28,0.0,1.0,0.0
CBAR,28,1,28,29,0.0,1.0,0.0
CBAR,29,1,29,30,0.0,1.0,0.0
CBAR,30,1,30,31,0.0,1.0,0.0
CBAR,31,1,31,32,0.0,1.0,0.0
CBAR,32,1,32,33,0.0,1.0,0.0
CBAR,33,1,33,34,0.0,1.0,0.0
CBAR,34,1,34,35,0.0,1.0,0.0
CBAR,35,1,35,36,0.0,1.0,0.0
CBAR,36,1,36,37,0.0,1.0,0.0
CBAR,37,1,37,38,0.0,1.0,0.0
CBAR,38,1,38,39,0.0,1.0,0.0
CBAR,39,1,39,40,0.0,1.0,0.0
CBAR,40,1,40,41,0.0,1.0,0.0
CBAR,41,1,41,42,0.0,1.0,0.0
CBAR,42,1,42,43,0.0,1.0,0.0
CBAR,43,1,43,44,0.0,1.0,0.0
CBAR,44,1,44,45,0.0,1.0,0.0
CBAR,45,1,45,46,0.0,1.0,0.0
CBAR,46,1,46,47,0.0,1.0,0.0
CBAR,47,1,47,48,0.0,1.0,0.0
CBAR,48,1,48,49,0.0,1.0,0.0
CBAR,49,1,49,50,0.0,1.0,0.0
CBAR,50,1,50,51,0.0,1.0,0.0
CBAR,51,1,51,52,0.0,1.0,0.0
CBAR,52,1,52,53,0.0,1.0,0.0
CBAR,53,1,53,54,0.0,1.0,0.0
CBAR,54,1,54,55,0.0,1.0,0.0
CBAR,55,1,55,56,0.0,1.0,0.0
CBAR,56,1,56,57,0.0,1.0,0.0
CBAR,57,1,57,58,0.0,1.0,0.0
CBAR,58,1,58,59,0.0,1.0,0.0
CBAR,59,1,59,60,0.0,1.0,0.0
CBAR,60,1,60,61,0.0,1.0,0.0
$
CBAR,61,2,31,62,1.0,0.0,0.0
CBAR,62,2,62,63,1.0,0.0,0.0
CBAR,63,2,63,64,1.0,0.0,0.0
CBAR,64,2,64,65,1.0,0.0,0.0
CBAR,65,2,65,66,1.0,0.0,0.0
CBAR,66,2,66,67,1.0,0.0,0.0
CBAR,67,2,67,68,1.0,0.0,0.0
CBAR,68,2,68,69,1.0,0.0,0.0
CBAR,69,2,69,70,1.0,0.0,0.0
CBAR,70,2,70,71,1.0,0.0,0.0
CBAR,71,2,71,72,1.0,0.0,0.0
CBAR,72,2,72,73,1.0,0.0,0.0
CBAR,73,2,73,74,1.0,0.0,0.0
CBAR,74,2,74,75,1.0,0.0,0.0
CBAR,75,2,75,76,1.0,0.0,0.0
CBAR,76,2,76,77,1.0,0.0,0.0
CBAR,77,2,77,78,1.0,0.0,0.0
CBAR,78,2,78,79,1.0,0.0,0.0
CBAR,79,2,79,80,1.0,0.0,0.0
CBAR,80,2,80,81,1.0,0.0,0.0
CBAR,81,2,81,82,1.0,0.0,0.0
CBAR,82,2,82,83,1.0,0.0,0.0
CBAR,83,2,83,84,1.0,0.0,0.0
CBAR,84,2,84,85,1.0,0.0,0.0
CBAR,85,2,85,86,1.0,0.0,0.0
CBAR,86,2,86,87,1.0,0.0,0.0
CBAR,87,2,87,88,1.0,0.0,0.0
CBAR,88,2,88,89,1.0,0.0,0.0
CBAR,89,2,89,90,1.0,0.0,0.0
CBAR,90,2,90,91,1.0,0.0,0.0

$
CBAR,91,2,91,92,1.0,0.0,0.0
CBAR,92,2,92,93,1.0,0.0,0.0
CBAR,93,2,93,94,1.0,0.0,0.0
CBAR,94,2,94,95,1.0,0.0,0.0
CBAR,95,2,95,96,1.0,0.0,0.0
CBAR,96,2,96,97,1.0,0.0,0.0
CBAR,97,2,97,98,1.0,0.0,0.0
CBAR,98,2,98,99,1.0,0.0,0.0
CBAR,99,2,99,100,1.0,0.0,0.0
CBAR,100,2,100,101,1.0,0.0,0.0

$
CBAR,101,3,91,103,0.0,1.0,0.0
CBAR,102,3,103,104,0.0,1.0,0.0
CBAR,103,3,104,105,0.0,1.0,0.0
CBAR,104,3,105,106,0.0,1.0,0.0
CBAR,105,3,106,107,0.0,1.0,0.0
CBAR,106,3,107,108,0.0,1.0,0.0
CBAR,107,3,108,109,0.0,1.0,0.0
CBAR,108,3,109,110,0.0,1.0,0.0
CBAR,109,3,110,111,0.0,1.0,0.0
CBAR,110,3,111,112,0.0,1.0,0.0
CBAR,111,3,112,113,0.0,1.0,0.0
CBAR,112,3,113,114,0.0,1.0,0.0
CBAR,113,3,114,115,0.0,1.0,0.0
CBAR,114,3,115,116,0.0,1.0,0.0
CBAR,115,3,116,117,0.0,1.0,0.0
CBAR,116,3,117,118,0.0,1.0,0.0
CBAR,117,3,118,119,0.0,1.0,0.0
CBAR,118,3,119,120,0.0,1.0,0.0
CBAR,119,3,120,121,0.0,1.0,0.0
CBAR,120,3,121,122,0.0,1.0,0.0
CBAR,121,3,122,123,0.0,1.0,0.0
CBAR,122,3,123,124,0.0,1.0,0.0
CBAR,123,3,124,125,0.0,1.0,0.0
CBAR,124,3,125,126,0.0,1.0,0.0
CBAR,125,3,126,127,0.0,1.0,0.0
CBAR,126,3,127,128,0.0,1.0,0.0
CBAR,127,3,128,129,0.0,1.0,0.0
CBAR,128,3,129,130,0.0,1.0,0.0
CBAR,129,3,130,131,0.0,1.0,0.0
CBAR,130,3,131,132,0.0,1.0,0.0

$
CBAR,131,5,101,133,0.0,1.0,0.0
CBAR,132,5,133,134,0.0,1.0,0.0
CBAR,133,5,134,135,0.0,1.0,0.0
CBAR,134,5,135,136,0.0,1.0,0.0
CBAR,135,5,136,137,0.0,1.0,0.0
CBAR,136,5,137,138,0.0,1.0,0.0
CBAR,137,5,138,139,0.0,1.0,0.0
CBAR,138,5,139,140,0.0,1.0,0.0
CBAR,139,5,140,141,0.0,1.0,0.0
CBAR,140,5,141,142,0.0,1.0,0.0
CBAR,141,5,142,143,0.0,1.0,0.0
CBAR,142,5,143,144,0.0,1.0,0.0
CBAR,143,5,144,145,0.0,1.0,0.0
CBAR,144,5,145,146,0.0,1.0,0.0
CBAR,145,5,146,147,0.0,1.0,0.0
CBAR,146,5,147,148,0.0,1.0,0.0
CBAR,147,5,148,149,0.0,1.0,0.0
CBAR,148,5,149,150,0.0,1.0,0.0
CBAR,149,5,150,151,0.0,1.0,0.0
CBAR,150,5,151,152,0.0,1.0,0.0
CBAR,151,5,152,153,0.0,1.0,0.0
CBAR,152,5,153,154,0.0,1.0,0.0
CBAR,153,5,154,155,0.0,1.0,0.0
CBAR,154,5,155,156,0.0,1.0,0.0
CBAR,155,5,156,157,0.0,1.0,0.0
CBAR,156,5,157,158,0.0,1.0,0.0
CBAR,157,5,158,159,0.0,1.0,0.0
CBAR,158,5,159,160,0.0,1.0,0.0
CBAR,159,5,160,161,0.0,1.0,0.0
CBAR,160,5,161,162,0.0,1.0,0.0
CBAR,161,5,162,163,0.0,1.0,0.0
CBAR,162,5,163,164,0.0,1.0,0.0
CBAR,163,5,164,165,0.0,1.0,0.0
CBAR,164,5,165,166,0.0,1.0,0.0
CBAR,165,5,166,167,0.0,1.0,0.0
CBAR,166,5,167,168,0.0,1.0,0.0

$
CBAR,167,5,168,169,0.0,1.0,0.0
CBAR,168,4,169,170,1.0,0.0,0.0
CBAR,169,4,170,171,1.0,0.0,0.0
CBAR,170,4,171,172,1.0,0.0,0.0
CBAR,171,4,172,173,1.0,0.0,0.0
CBAR,172,4,173,174,1.0,0.0,0.0
CBAR,173,4,174,175,1.0,0.0,0.0
CBAR,174,4,175,176,1.0,0.0,0.0
CBAR,175,4,176,177,1.0,0.0,0.0
CBAR,176,4,177,178,1.0,0.0,0.0
CBAR,177,4,178,179,1.0,0.0,0.0
CBAR,178,4,179,180,1.0,0.0,0.0
CBAR,179,4,180,181,1.0,0.0,0.0
CBAR,180,4,181,182,1.0,0.0,0.0
CBAR,181,4,182,183,1.0,0.0,0.0
CBAR,182,4,183,184,1.0,0.0,0.0
CBAR,183,4,184,185,1.0,0.0,0.0
CBAR,184,4,185,186,1.0,0.0,0.0
CBAR,185,4,186,187,1.0,0.0,0.0
CBAR,186,4,187,188,1.0,0.0,0.0
CBAR,187,4,188,189,1.0,0.0,0.0
CBAR,188,4,189,190,1.0,0.0,0.0
CBAR,189,4,190,191,1.0,0.0,0.0
CBAR,190,4,191,192,1.0,0.0,0.0
CBAR,191,4,192,193,1.0,0.0,0.0
CBAR,192,5,193,194,1.0,0.0,0.0

$
CBAR,196,4,199,200,0.0,1.0,0.0
CBAR,197,4,200,201,0.0,1.0,0.0
CBAR,198,4,201,202,0.0,1.0,0.0
CBAR,199,4,202,203,0.0,1.0,0.0
CBAR,200,4,203,204,0.0,1.0,0.0
CBAR,201,4,204,205,0.0,1.0,0.0
CBAR,202,4,205,206,0.0,1.0,0.0
CBAR,203,4,206,207,0.0,1.0,0.0
CBAR,204,4,207,208,0.0,1.0,0.0
CBAR,205,4,208,209,0.0,1.0,0.0
CBAR,206,4,209,210,0.0,1.0,0.0
CBAR,207,4,210,211,0.0,1.0,0.0
CBAR,208,4,211,212,0.0,1.0,0.0
CBAR,209,4,212,213,0.0,1.0,0.0
CBAR,210,4,213,214,0.0,1.0,0.0
CBAR,211,4,214,215,0.0,1.0,0.0
CBAR,212,4,215,216,0.0,1.0,0.0
CBAR,213,4,216,217,0.0,1.0,0.0
CBAR,214,4,217,218,0.0,1.0,0.0
CBAR,215,4,218,219,0.0,1.0,0.0
CBAR,216,4,219,220,0.0,1.0,0.0
CBAR,217,4,220,221,0.0,1.0,0.0
CBAR,218,4,221,222,0.0,1.0,0.0
CBAR,219,4,222,223,0.0,1.0,0.0
CBAR,220,4,223,224,0.0,1.0,0.0
CBAR,221,4,224,225,0.0,1.0,0.0
CBAR,222,4,225,226,0.0,1.0,0.0
CBAR,223,4,226,227,0.0,1.0,0.0
CBAR,224,4,227,228,0.0,1.0,0.0
CBAR,225,4,228,194,0.0,1.0,0.0

$
CBAR,226,4,194,229,0.0,1.0,0.0
CBAR,227,4,229,230,0.0,1.0,0.0
CBAR,228,4,230,231,0.0,1.0,0.0
CBAR,229,4,231,232,0.0,1.0,0.0
CBAR,230,4,232,233,0.0,1.0,0.0
CBAR,231,4,233,234,0.0,1.0,0.0
CBAR,232,4,234,235,0.0,1.0,0.0
CBAR,233,4,235,236,0.0,1.0,0.0
CBAR,234,4,236,237,0.0,1.0,0.0
CBAR,235,4,237,238,0.0,1.0,0.0
CBAR,236,4,238,239,0.0,1.0,0.0
CBAR,237,4,239,240,0.0,1.0,0.0
CBAR,238,4,240,241,0.0,1.0,0.0
CBAR,239,4,241,242,0.0,1.0,0.0
CBAR,240,4,242,243,0.0,1.0,0.0
CBAR,241,4,243,244,0.0,1.0,0.0
CBAR,242,4,244,245,0.0,1.0,0.0
CBAR,243,4,245,246,0.0,1.0,0.0
CBAR,244,4,246,247,0.0,1.0,0.0
CBAR,245,4,247,248,0.0,1.0,0.0
CBAR,246,4,248,249,0.0,1.0,0.0
CBAR,247,4,249,250,0.0,1.0,0.0
CBAR,248,4,250,251,0.0,1.0,0.0
CBAR,249,4,251,252,0.0,1.0,0.0
CBAR,250,4,252,253,0.0,1.0,0.0
CBAR,251,4,253,254,0.0,1.0,0.0
CBAR,252,4,254,255,0.0,1.0,0.0
CBAR,253,4,255,256,0.0,1.0,0.0
CBAR,254,4,256,257,0.0,1.0,0.0
CBAR,255,4,257,258,0.0,1.0,0.0
CBAR,256,4,258,259,0.0,1.0,0.0
CBAR,257,4,259,260,0.0,1.0,0.0
CBAR,258,4,260,261,0.0,1.0,0.0
CBAR,259,4,261,262,0.0,1.0,0.0
CBAR,260,4,262,263,0.0,1.0,0.0
CBAR,261,4,263,264,0.0,1.0,0.0
CBAR,262,4,264,265,0.0,1.0,0.0
CBAR,263,4,265,266,0.0,1.0,0.0
CBAR,264,4,266,267,0.0,1.0,0.0
CBAR,265,4,267,268,0.0,1.0,0.0
CBAR,266,4,268,269,0.0,1.0,0.0
CBAR,267,4,269,270,0.0,1.0,0.0
CBAR,268,4,270,271,0.0,1.0,0.0
CBAR,269,4,271,272,0.0,1.0,0.0
CBAR,270,4,272,273,0.0,1.0,0.0

$
CBAR,271,6,274,275,1.0,0.0,0.0
CBAR,272,6,275,276,1.0,0.0,0.0
CBAR,273,6,276,277,1.0,0.0,0.0
CBAR,274,6,277,278,1.0,0.0,0.0
CBAR,275,6,278,279,1.0,0.0,0.0
CBAR,276,6,279,280,1.0,0.0,0.0
CBAR,277,6,280,281,1.0,0.0,0.0
CBAR,278,6,281,282,1.0,0.0,0.0
CBAR,279,6,282,283,1.0,0.0,0.0
CBAR,280,6,283,284,1.0,0.0,0.0
CBAR,281,6,284,285,1.0,0.0,0.0
CBAR,282,6,285,286,1.0,0.0,0.0
CBAR,283,6,286,287,1.0,0.0,0.0
CBAR,284,6,287,288,1.0,0.0,0.0
CBAR,285,6,288,289,1.0,0.0,0.0
CBAR,286,6,289,290,1.0,0.0,0.0
CBAR,287,6,290,291,1.0,0.0,0.0
CBAR,288,6,291,292,1.0,0.0,0.0
CBAR,289,6,292,293,1.0,0.0,0.0
CBAR,290,6,293,294,1.0,0.0,0.0
CBAR,291,6,294,295,1.0,0.0,0.0
CBAR,292,6,295,296,1.0,0.0,0.0
CBAR,293,6,296,297,1.0,0.0,0.0
CBAR,294,6,297,298,1.0,0.0,0.0
CBAR,295,6,298,299,1.0,0.0,0.0
CBAR,296,6,299,300,1.0,0.0,0.0
CBAR,297,6,300,301,1.0,0.0,0.0
CBAR,298,6,301,302,1.0,0.0,0.0
CBAR,299,6,302,303,1.0,0.0,0.0
CBAR,300,6,303,304,1.0,0.0,0.0
CBAR,301,6,304,305,1.0,0.0,0.0
CBAR,302,6,305,306,1.0,0.0,0.0
CBAR,303,6,306,307,1.0,0.0,0.0
CBAR,304,6,307,308,1.0,0.0,0.0
CBAR,305,6,308,309,1.0,0.0,0.0
CBAR,306,6,309,310,1.0,0.0,0.0
CBAR,307,6,310,311,1.0,0.0,0.0
CBAR,308,6,311,312,1.0,0.0,0.0
CBAR,309,6,312,313,1.0,0.0,0.0
CBAR,310,6,313,314,1.0,0.0,0.0
CBAR,311,6,314,315,1.0,0.0,0.0
CBAR,312,6,315,316,1.0,0.0,0.0
CBAR,313,6,316,317,1.0,0.0,0.0
CBAR,314,6,317,318,1.0,0.0,0.0
CBAR,315,6,318,319,1.0,0.0,0.0
CBAR,316,6,319,320,1.0,0.0,0.0
CBAR,317,6,320,321,1.0,0.0,0.0
CBAR,318,6,321,322,1.0,0.0,0.0
CBAR,319,6,322,323,1.0,0.0,0.0
$CBAR,320,6,323,391,1.0,0.0,0.0

$
CBAR,321,7,274,325,0.0,1.0,0.0
CBAR,322,7,325,326,0.0,1.0,0.0
CBAR,323,7,326,327,0.0,1.0,0.0
CBAR,324,7,327,328,0.0,1.0,0.0
CBAR,325,7,328,329,0.0,1.0,0.0
CBAR,326,7,329,330,0.0,1.0,0.0
CBAR,327,7,330,331,0.0,1.0,0.0
CBAR,328,7,331,332,0.0,1.0,0.0
CBAR,329,7,332,333,0.0,1.0,0.0
CBAR,330,7,333,334,0.0,1.0,0.0
CBAR,331,7,334,335,0.0,1.0,0.0
CBAR,332,7,335,336,0.0,1.0,0.0
CBAR,333,7,336,337,0.0,1.0,0.0
CBAR,334,7,337,338,0.0,1.0,0.0
CBAR,335,7,338,339,0.0,1.0,0.0
CBAR,336,7,339,340,0.0,1.0,0.0
$
CBAR,337,6,340,341,1.0,0.0,0.0
CBAR,338,6,341,342,1.0,0.0,0.0
CBAR,339,6,342,343,1.0,0.0,0.0
CBAR,340,6,343,344,1.0,0.0,0.0
CBAR,341,6,344,345,1.0,0.0,0.0
CBAR,342,6,345,346,1.0,0.0,0.0
CBAR,343,6,346,347,1.0,0.0,0.0
CBAR,344,6,347,348,1.0,0.0,0.0
CBAR,345,6,348,349,1.0,0.0,0.0
CBAR,346,6,349,350,1.0,0.0,0.0
CBAR,347,6,350,351,1.0,0.0,0.0
CBAR,348,6,351,352,1.0,0.0,0.0
CBAR,349,6,352,353,1.0,0.0,0.0
CBAR,350,6,353,354,1.0,0.0,0.0
CBAR,351,6,354,355,1.0,0.0,0.0
CBAR,352,6,355,356,1.0,0.0,0.0
CBAR,353,6,356,357,1.0,0.0,0.0
CBAR,354,6,357,358,1.0,0.0,0.0
CBAR,355,6,358,359,1.0,0.0,0.0
CBAR,356,6,359,360,1.0,0.0,0.0
CBAR,357,6,360,361,1.0,0.0,0.0
CBAR,358,6,361,362,1.0,0.0,0.0
CBAR,359,6,362,363,1.0,0.0,0.0
CBAR,360,6,363,364,1.0,0.0,0.0
CBAR,361,6,364,365,1.0,0.0,0.0
CBAR,362,6,365,366,1.0,0.0,0.0
CBAR,363,6,366,367,1.0,0.0,0.0
CBAR,364,6,367,368,1.0,0.0,0.0
CBAR,365,6,368,369,1.0,0.0,0.0
CBAR,366,6,369,370,1.0,0.0,0.0
CBAR,367,6,370,371,1.0,0.0,0.0
CBAR,368,6,371,372,1.0,0.0,0.0
CBAR,369,6,372,373,1.0,0.0,0.0
CBAR,370,6,373,374,1.0,0.0,0.0
CBAR,371,6,374,375,1.0,0.0,0.0
CBAR,372,6,375,376,1.0,0.0,0.0
CBAR,373,6,376,377,1.0,0.0,0.0
CBAR,374,6,377,378,1.0,0.0,0.0
CBAR,375,6,378,379,1.0,0.0,0.0
CBAR,376,6,379,380,1.0,0.0,0.0
CBAR,377,6,380,381,1.0,0.0,0.0
CBAR,378,6,381,382,1.0,0.0,0.0
CBAR,379,6,382,383,1.0,0.0,0.0
CBAR,380,6,383,384,1.0,0.0,0.0
CBAR,381,6,384,385,1.0,0.0,0.0
CBAR,382,6,385,386,1.0,0.0,0.0
CBAR,383,6,386,387,1.0,0.0,0.0
CBAR,384,6,387,388,1.0,0.0,0.0
CBAR,385,6,388,389,1.0,0.0,0.0
$CBAR,386,6,389,414,1.0,0.0,0.0
$
$CBAR,387,7,391,392,0.0,1.0,0.0
CBAR,388,7,392,393,0.0,1.0,0.0
CBAR,389,7,393,394,0.0,1.0,0.0
CBAR,390,7,394,395,0.0,1.0,0.0
CBAR,391,7,395,396,0.0,1.0,0.0
CBAR,392,7,396,397,0.0,1.0,0.0
CBAR,393,7,397,398,0.0,1.0,0.0
CBAR,394,7,398,399,0.0,1.0,0.0
CBAR,395,7,399,400,0.0,1.0,0.0
CBAR,396,7,400,401,0.0,1.0,0.0
CBAR,397,7,401,402,0.0,1.0,0.0
CBAR,398,7,402,403,0.0,1.0,0.0
CBAR,399,7,403,404,0.0,1.0,0.0
CBAR,400,7,404,405,0.0,1.0,0.0
CBAR,401,7,405,406,0.0,1.0,0.0
CBAR,402,7,406,407,0.0,1.0,0.0
CBAR,403,7,407,408,0.0,1.0,0.0
CBAR,404,7,408,409,0.0,1.0,0.0
CBAR,405,7,409,410,0.0,1.0,0.0
CBAR,406,7,410,411,0.0,1.0,0.0
CBAR,407,7,411,412,0.0,1.0,0.0
CBAR,408,7,412,413,0.0,1.0,0.0
$CBAR,409,7,413,414,0.0,1.0,0.0
$
CBAR,410,3,415,416,0.0,1.0,0.0
CBAR,411,3,416,417,0.0,1.0,0.0
CBAR,412,3,417,418,0.0,1.0,0.0
CBAR,413,3,418,419,0.0,1.0,0.0
CBAR,414,3,419,420,0.0,1.0,0.0
CBAR,415,3,420,421,0.0,1.0,0.0
CBAR,416,3,421,422,0.0,1.0,0.0
CBAR,417,3,422,423,0.0,1.0,0.0
CBAR,418,3,423,424,0.0,1.0,0.0
CBAR,419,3,424,425,0.0,1.0,0.0
CBAR,420,3,425,426,0.0,1.0,0.0
CBAR,421,3,426,427,0.0,1.0,0.0
CBAR,422,3,427,428,0.0,1.0,0.0
CBAR,423,3,428,429,0.0,1.0,0.0
CBAR,424,3,429,430,0.0,1.0,0.0
CBAR,425,3,430,431,0.0,1.0,0.0
CBAR,426,3,431,432,0.0,1.0,0.0
CBAR,427,3,432,433,0.0,1.0,0.0
CBAR,428,3,433,434,0.0,1.0,0.0
CBAR,429,3,434,435,0.0,1.0,0.0
CBAR,430,3,435,436,0.0,1.0,0.0
CBAR,431,3,436,437,0.0,1.0,0.0
CBAR,432,3,437,438,0.0,1.0,0.0
CBAR,433,3,438,323,0.0,1.0,0.0

$
CBAR,434,3,415,439,0.0,1.0,0.0
CBAR,435,3,439,440,0.0,1.0,0.0
CBAR,436,3,440,441,0.0,1.0,0.0
CBAR,437,3,441,442,0.0,1.0,0.0
CBAR,438,3,442,443,0.0,1.0,0.0
CBAR,439,3,443,444,0.0,1.0,0.0
CBAR,440,3,444,445,0.0,1.0,0.0
CBAR,441,3,445,446,0.0,1.0,0.0
CBAR,442,3,446,447,0.0,1.0,0.0
CBAR,443,3,447,448,0.0,1.0,0.0
CBAR,444,3,448,449,0.0,1.0,0.0
CBAR,445,3,449,450,0.0,1.0,0.0
CBAR,446,3,450,451,0.0,1.0,0.0
CBAR,447,3,451,452,0.0,1.0,0.0
CBAR,448,3,452,453,0.0,1.0,0.0
CBAR,449,3,453,454,0.0,1.0,0.0
CBAR,450,3,454,455,0.0,1.0,0.0
CBAR,451,3,455,456,0.0,1.0,0.0
CBAR,452,3,456,457,0.0,1.0,0.0
CBAR,453,3,457,458,0.0,1.0,0.0
CBAR,454,3,458,459,0.0,1.0,0.0
CBAR,455,3,459,460,0.0,1.0,0.0
CBAR,456,3,460,461,0.0,1.0,0.0
CBAR,457,3,461,389,0.0,1.0,0.0

$
$PMASS,1,350.0,2,1800.0,3,200.0,4,150.0,5,50.0
$CMASS1,1,1,31,1,91,2
$CMASS1,2,2,92,2,101,3
$CMASS1,3,3,91,3,132,4
$CMASS1,4,4,101,4,168,5
$CMASS1,5,3,391,0,414,0
$
ENDDATA







